{
  "generated_by": {
    "program": "augur",
    "version": "8.0.0"
  },
  "models": {
    "country": {
      "alphabet": [
        "Australia:Victoria",
        "Brazil",
        "China:Hubei,Wuhan",
        "China:Zhejiang",
        "France",
        "Germany",
        "Italy",
        "Thailand",
        "Tunisia",
        "USA:NY",
        "USA:Washington,AdamsCounty",
        "Uruguay",
        "?"
      ],
      "equilibrium_probabilities": [
        0.08340519586515865,
        0.08280169581982104,
        0.09021265880200909,
        0.08287116278102293,
        0.08310445607835135,
        0.08294050099250286,
        0.08287116278102405,
        0.08279729961086353,
        0.08292231019974015,
        0.08165058394752067,
        0.08158479118932514,
        0.08283818193266063
      ],
      "rate": 349.7919002921973,
      "transition_matrix": [
        [
          0.0,
          1.0778936650179651,
          1.0989422410314464,
          1.086386432512079,
          1.1943129335211902,
          1.1702704175158252,
          1.0863864325120665,
          1.0709485040730882,
          1.1609523831221438,
          1.1011008083022216,
          1.0541545997767658,
          1.0653757069091192
        ],
        [
          1.0778936650179651,
          0.0,
          1.213965084188207,
          1.0561550175133723,
          1.096917371161011,
          1.067310778309518,
          1.0561550175133687,
          1.1881054399316051,
          1.065760768542807,
          1.0542336256328433,
          1.0688104195494033,
          1.0975071363553637
        ],
        [
          1.0989422410314464,
          1.213965084188207,
          0.0,
          1.064710242777423,
          1.1465697423758592,
          1.0795572934573303,
          1.0647102427774189,
          1.1186728413973512,
          1.0775721290822216,
          1.063196353491631,
          1.0647801792571379,
          1.0830597134358113
        ],
        [
          1.086386432512079,
          1.0561550175133723,
          1.064710242777423,
          0.0,
          1.0725352026947514,
          1.150931198102744,
          1.368730094190466,
          1.0529000415641356,
          1.0589410349690325,
          1.0445712597211034,
          1.0383195731701782,
          1.0487448223497597
        ],
        [
          1.1943129335211902,
          1.096917371161011,
          1.1465697423758592,
          1.0725352026947514,
          0.0,
          1.1076424107360714,
          1.0725352026947448,
          1.0801499578126466,
          1.1034235228635711,
          1.076572099734882,
          1.0591486825918308,
          1.0710658643474913
        ],
        [
          1.1702704175158252,
          1.067310778309518,
          1.0795572934573303,
          1.150931198102744,
          1.1076424107360714,
          0.0,
          1.1509311981027708,
          1.0630859614223016,
          1.0890342451401862,
          1.0641727702470993,
          1.0477773625109381,
          1.0585091780098133
        ],
        [
          1.0863864325120665,
          1.0561550175133687,
          1.0647102427774189,
          1.368730094190466,
          1.0725352026947448,
          1.1509311981027708,
          0.0,
          1.052900041564133,
          1.0589410349690251,
          1.044571259721102,
          1.0383195731701762,
          1.0487448223497573
        ],
        [
          1.0709485040730882,
          1.1881054399316051,
          1.1186728413973512,
          1.0529000415641356,
          1.0801499578126466,
          1.0630859614223016,
          1.052900041564133,
          0.0,
          1.0616539738836934,
          1.0507936892235346,
          1.099813431946096,
          1.1668998463001807
        ],
        [
          1.1609523831221438,
          1.065760768542807,
          1.0775721290822216,
          1.0589410349690325,
          1.1034235228635711,
          1.0890342451401862,
          1.0589410349690251,
          1.0616539738836934,
          0.0,
          1.2041606841965327,
          1.0464716388368738,
          1.057150029377527
        ],
        [
          1.1011008083022216,
          1.0542336256328433,
          1.063196353491631,
          1.0445712597211034,
          1.076572099734882,
          1.0641727702470993,
          1.044571259721102,
          1.0507936892235346,
          1.2041606841965327,
          0.0,
          1.035813559655641,
          1.0466053130075261
        ],
        [
          1.0541545997767658,
          1.0688104195494033,
          1.0647801792571379,
          1.0383195731701782,
          1.0591486825918308,
          1.0477773625109381,
          1.0383195731701762,
          1.099813431946096,
          1.0464716388368738,
          1.035813559655641,
          0.0,
          1.2022780673479059
        ],
        [
          1.0653757069091192,
          1.0975071363553637,
          1.0830597134358113,
          1.0487448223497597,
          1.0710658643474913,
          1.0585091780098133,
          1.0487448223497573,
          1.1668998463001807,
          1.057150029377527,
          1.0466053130075261,
          1.2022780673479059,
          0.0
        ]
      ]
    }
  },
  "nodes": {
    "MT259229/CHN/Wuhan_YB012602/2020-01-26": {
      "country": "China:Hubei,Wuhan",
      "country_confidence": {
        "China:Hubei,Wuhan": 1.0
      },
      "country_entropy": -1.000088900581841e-12
    },
    "MT350282/BRA/SP02cc/2020-03-18": {
      "country": "Brazil",
      "country_confidence": {
        "Brazil": 1.0
      },
      "country_entropy": -1.000088900581841e-12
    },
    "MT358639/DEU/FFM3/2020-02-20": {
      "country": "Germany",
      "country_confidence": {
        "Germany": 1.0
      },
      "country_entropy": -1.000088900581841e-12
    },
    "MT407659/CHN/OS4/2020-03-24": {
      "country": "China:Zhejiang",
      "country_confidence": {
        "China:Zhejiang": 1.0
      },
      "country_entropy": -1.000088900581841e-12
    },
    "MT434808/USA/NY-CDC-SURV0982NYC/2020-03-19": {
      "country": "USA:NY",
      "country_confidence": {
        "USA:NY": 1.0
      },
      "country_entropy": -1.000088900581841e-12
    },
    "MT434809/USA/NY-CDC-SURV0983NYC/2020-03-19": {
      "country": "USA:NY",
      "country_confidence": {
        "USA:NY": 1.0
      },
      "country_entropy": -1.000088900581841e-12
    },
    "MT447176/THA/SI206917-NT/2020-03-20": {
      "country": "Thailand",
      "country_confidence": {
        "Thailand": 1.0
      },
      "country_entropy": -1.000088900581841e-12
    },
    "MT451640/AUS/VIC938/2020-03-25": {
      "country": "Australia:Victoria",
      "country_confidence": {
        "Australia:Victoria": 1.0
      },
      "country_entropy": -1.000088900581841e-12
    },
    "MT466071/URY/Mdeo-1/2020-03-13": {
      "country": "Uruguay",
      "country_confidence": {
        "Uruguay": 1.0
      },
      "country_entropy": -1.000088900581841e-12
    },
    "MT470177/France/10070SK/2020-03-15": {
      "country": "France",
      "country_confidence": {
        "France": 1.0
      },
      "country_entropy": -1.000088900581841e-12
    },
    "MT499220/TUN/COV1482/2020-03-31": {
      "country": "Tunisia",
      "country_confidence": {
        "Tunisia": 1.0
      },
      "country_entropy": -1.000088900581841e-12
    },
    "MT531537/ITA/Siena-1/2020-03-01": {
      "country": "Italy",
      "country_confidence": {
        "Italy": 1.0
      },
      "country_entropy": -1.000088900581841e-12
    },
    "MT632947/USA/WA-S542/2020-03-23": {
      "country": "USA:Washington,AdamsCounty",
      "country_confidence": {
        "USA:Washington,AdamsCounty": 1.0
      },
      "country_entropy": -1.000088900581841e-12
    },
    "MT633004/USA/WA-S546/2020-03-23": {
      "country": "USA:Washington,AdamsCounty",
      "country_confidence": {
        "USA:Washington,AdamsCounty": 1.0
      },
      "country_entropy": -1.000088900581841e-12
    },
    "NODE_0000000": {
      "country": "China:Hubei,Wuhan",
      "country_confidence": {
        "Australia:Victoria": 0.09099536410195606,
        "Brazil": 0.10437888501125606,
        "China:Hubei,Wuhan": 0.2582515452897099,
        "France": 0.24822478377398446
      },
      "country_entropy": 2.124051383086507
    },
    "NODE_0000001": {
      "country": "China:Hubei,Wuhan",
      "country_confidence": {
        "Brazil": 0.17403910099812558,
        "China:Hubei,Wuhan": 0.47607747387495036,
        "France": 0.08962917319727692,
        "Thailand": 0.06693008253335475
      },
      "country_entropy": 1.767423760094959
    },
    "NODE_0000002": {
      "country": "Brazil",
      "country_confidence": {
        "Brazil": 0.4382841044597466,
        "China:Hubei,Wuhan": 0.17126907479042378,
        "Thailand": 0.1531666294357294,
        "Uruguay": 0.054386809124902916
      },
      "country_entropy": 1.7769158170431734
    },
    "NODE_0000003": {
      "country": "Thailand",
      "country_confidence": {
        "Brazil": 0.15381783478848565,
        "Thailand": 0.42064907731287465,
        "USA:Washington,AdamsCounty": 0.1207372180007499,
        "Uruguay": 0.13443152094659896
      },
      "country_entropy": 1.7940427302656616
    },
    "NODE_0000004": {
      "country": "Uruguay",
      "country_confidence": {
        "Brazil": 0.05108738653958311,
        "Thailand": 0.1292893677062558,
        "USA:Washington,AdamsCounty": 0.33985591906348706,
        "Uruguay": 0.37105567464061584
      },
      "country_entropy": 1.6119169659883545
    },
    "NODE_0000005": {
      "country": "USA:Washington,AdamsCounty",
      "country_confidence": {
        "Brazil": 0.0024712153602223365,
        "Thailand": 0.005168779522744896,
        "USA:Washington,AdamsCounty": 0.9684344897433347,
        "Uruguay": 0.01428936525639934
      },
      "country_entropy": 0.19845491767389856
    },
    "NODE_0000006": {
      "country": "France",
      "country_confidence": {
        "Australia:Victoria": 0.14640936914790623,
        "China:Hubei,Wuhan": 0.09191278517011114,
        "France": 0.4569849629660762,
        "Germany": 0.055533440429390436
      },
      "country_entropy": 1.863293538655714
    },
    "NODE_0000007": {
      "country": "Australia:Victoria",
      "country_confidence": {
        "Australia:Victoria": 0.36340602065363276,
        "France": 0.13614031250295394,
        "Germany": 0.1207812999005225,
        "Tunisia": 0.11078203738831174
      },
      "country_entropy": 1.9745775380967645
    },
    "NODE_0000008": {
      "country": "Germany",
      "country_confidence": {
        "Australia:Victoria": 0.12709454485680008,
        "China:Zhejiang": 0.12929965025756593,
        "Germany": 0.40282369462661705,
        "Italy": 0.12929965025756818
      },
      "country_entropy": 1.8906623911755882
    },
    "NODE_0000009": {
      "country": "Italy",
      "country_confidence": {
        "Australia:Victoria": 0.04026153543117378,
        "China:Zhejiang": 0.3668537148141201,
        "Germany": 0.11586466566956447,
        "Italy": 0.3668537148141245
      },
      "country_entropy": 1.5822070120829148
    },
    "NODE_0000011": {
      "country": "Tunisia",
      "country_confidence": {
        "Australia:Victoria": 0.11284009305443819,
        "France": 0.04683831944679713,
        "Tunisia": 0.3617497254982146,
        "USA:NY": 0.33223428391864473
      },
      "country_entropy": 1.6919530792262343
    },
    "NODE_0000012": {
      "country": "USA:NY",
      "country_confidence": {
        "Australia:Victoria": 0.00463707203106209,
        "France": 0.002368894683104121,
        "Tunisia": 0.014002104891715564,
        "USA:NY": 0.9679901291241042
      },
      "country_entropy": 0.20269935886074264
    }
  }
}